1.182768059903567925e+00 1.318276806177182081e+01
1.182886586769847703e+00 1.312631171373878658e+01
1.183145117787889777e+00 1.273301240649524857e+01
1.183823164514859805e+00 1.225901202610177521e+01
1.184504618155532540e+00 1.178301165097751380e+01
1.185117759633070422e+00 1.135501131426198285e+01
1.185889029347869883e+00 1.081701089178846864e+01
1.186603496771586830e+00 1.031901050150155541e+01
1.187309867076031589e+00 9.827010116649983473e+00
1.188016745205888292e+00 9.335009732527582926e+00
1.188712624888898617e+00 8.851009355363071762e+00
1.189492478424221567e+00 8.309008933839931998e+00
1.190241256659153368e+00 7.789008530260198349e+00
1.190950238341463852e+00 7.297008149163828783e+00
1.191723202868344211e+00 6.761007734818660353e+00
1.192467894837653253e+00 6.245007336755376670e+00
1.193155354051969930e+00 5.769006970264614509e+00
1.193904011526886189e+00 5.251006572216556201e+00
1.194676382822012162e+00 4.717006162725354557e+00
1.195374055613075637e+00 4.235005793852767653e+00
1.196109889742541732e+00 3.727005405846171460e+00
1.196863666505572521e+00 3.207005009486375346e+00
1.197557061692978486e+00 2.729004645865691803e+00
1.198259648983540426e+00 2.245004278389286512e+00
1.199052827031809043e+00 1.699003864695896038e+00
1.199802998682746979e+00 1.183003474568061986e+00
1.200515888054380698e+00 6.930031048496453350e-01
1.201272974620438250e+00 1.730027132970089476e-01
1.202027713316409896e+00 -3.449976759283964745e-01
1.202748007821402787e+00 -8.389980463560409163e-01
1.203518443279557815e+00 -1.366998441453280755e+00
1.204236875450062971e+00 -1.858998808843874473e+00
1.204999669675256735e+00 -2.380999197825490299e+00
1.205704519849506662e+00 -2.862999556258231770e+00
1.206404001984497709e+00 -3.340999911012470402e+00
1.207130331200279905e+00 -3.837000278384019580e+00
1.207886495634856949e+00 -4.353000659766729008e+00
1.208657889336936186e+00 -4.879001047697962612e+00
1.209371137825294706e+00 -5.365001405372045618e+00
1.210134833079639094e+00 -5.885001787263196782e+00
1.210834405266397296e+00 -6.361002136110040617e+00
1.211640383711710012e+00 -6.909002536858437793e+00
1.209462752990596579e+00 -7.393605060888151392e+00
1.123505901686023378e+00 -7.905730378572223493e+00
1.025622680568113676e+00 -8.373601804261317838e+00
9.187298396422003410e-01 -8.884541007877137631e+00
8.114280263736302068e-01 -9.397437954046642616e+00
7.114986148946732536e-01 -9.875097814540296781e+00
6.058360957100005217e-01 -1.038016450278735725e+01
5.083649680980181218e-01 -1.084607883889334623e+01
